3496.297456
2817.008227
6305.480333
4537.975358
3204.357048
6147.205010
5089.897857
6374.878872
3934.966204
2265.202365
3030.452473
12890.060368
3057.628708
6176.947241
2948.807133
2644.036743
3794.069675
2353.262696
3868.950115
4616.821430
3588.440054
20011.866740
2773.153016
3748.231648
2860.396894
18466.437090
11331.800736
9149.537434
11737.694712
22266.444486
2495.908769
4055.334763
7156.458048
3241.680632
5946.824018
5622.925291
5812.459116
2908.684281
11341.131632
3780.073331
2676.111698
4397.195465
10025.475296
3103.933279
5496.141741
4642.831302
2283.397612
3136.241507
10016.144400
2833.220659
5164.311752
2560.408587
5028.663852
5237.675922
3756.046274
3786.488322
3687.697460
2947.640771
7228.772492
7396.028803
6663.320195
2410.647707
21188.725998
13757.833696
18482.766158
4788.743188
6044.798426
8308.590432
2784.000183
20094.678442
8191.954232
4924.391089
3375.112444
4797.724176
2232.894138
4006.930740
5162.445573
2244.091213
8352.912188
2327.136187
3052.030170
2421.261601
3782.755963
7763.549469
3969.607156
6303.847426
7077.145432
3370.213724
2808.493785
2270.800903
3026.953387
5276.749049
3217.070393
2557.725955
6042.815611
11991.961628
2711.102558
